5100 0100 0000 0015
Kredi Kabul,+100000.00;Televizyon Bedeli,-57.15;Para Transferi,-1000.00;Kredi Kabul,+100000.00;Doğalgaz Bedeli,-300.56;Kredi Kabul,+20000.00;Kredi Kabul,+20000.00;Market Pos,-162.10;Sanal Market,-231.56;Para Transferi,+450.00;
5100 0100 0000 0023
Para Transferi,+1000.00;Su Bedeli,-235.50;Elektrik Bedeli,-100.47;Market Pos,-12.60;Sanal Market,-31.55;
5100 0100 0000 0031
Para Transferi,-999.00;
5100 0100 0000 0049
Market Pos,-16.15;Sanal Market,-23.50;
5100 0100 0000 0057
;
5100 0100 0000 0065
;
5100 0100 0000 0073
;
5100 0100 0000 0081
;
5100 0100 0000 0099
;
5100 0100 0000 0107
;
5100 0100 0000 0115
;
5100 0100 0000 0123
;
5100 0100 0000 0131
;
5100 0100 0000 0149
;
5100 0100 0000 0156
;
5100 0100 0000 0164
;
5100 0100 0000 0172
;
5100 0100 0000 0181
;